-108.045956356 84.0845797032
-57.0721962505 38.515416607
-49.2295893332 15.1019291967
-6.4423938767 93.6647912435
-4.78685206649 43.381037254
7.61724000456 111.760831398
28.028451808 52.2065235842
28.3048403547 24.2392858245
30.407677959 122.493872867
38.951432634 99.0555684995
39.1909135153 99.0989272156
39.2783616358 99.0807831685
39.4747577186 99.0921440563
49.9469117336 24.6842719097
65.5872519607 59.1006253126
66.1366106448 8.18419611083
73.420178838 20.475952557
89.4788586249 99.9195530924
97.0820340657 88.9822084349
145.067077905 30.7197394857
146.540485909 113.809632788
172.046527513 86.4860417529
173.440726667 51.5183276609
215.007405946 39.5984969033
223.667326886 10.5834627148
234.643545177 14.3959590849
246.429353332 55.4911584599
274.56133403 79.4356793281
278.324890014 73.6147188381
290.85988952 25.1463329793
304.383542795 18.5852714622
309.918205647 35.3603666894
318.684116612 34.8860397014
332.234897992 9.46944367811
341.595398908 17.3622380385
371.193686774 65.6433158407
378.233256923 64.1457332912
398.471701826 9.50177750936
404.580259038 58.6394272691
404.641897628 58.6757108098
404.94618598 59.1960378343
406.694392155 82.0128640002
407.677757708 82.2370019918
407.859600597 82.2324427227
408.166680935 82.2386039708
408.623853023 82.2979055823
408.245831304 121.186779144
421.795650034 57.3680285571
421.811506263 123.406043177
431.906307426 41.4695725416
445.329499713 41.2917743542
