-72.0306375703 56.0563864688
-38.0481308337 25.6769444046
-32.8197262222 10.0679527978
-4.29492925113 62.4431941624
-3.19123471099 28.9206915027
5.07816000304 74.5072209317
18.6856345387 34.8043490561
18.8698935698 16.159523883
20.271785306 81.6625819113
25.967621756 66.0370456663
26.1272756769 66.065951477
26.1855744239 66.0538554457
26.3165051457 66.0614293709
33.2979411557 16.4561812731
43.7248346404 39.4004168751
44.0910737632 5.45613074056
48.946785892 13.650635038
59.6525724166 66.6130353949
64.7213560438 59.3214722899
96.7113852698 20.4798263238
97.6936572727 75.8730885254
114.697685009 57.6573611686
115.627151111 34.3455517739
143.338270631 26.3989979355
149.111551258 7.05564180984
156.429030118 9.59730605661
164.286235555 36.99410564
183.040889353 52.9571195521
185.549926676 49.0764792254
193.906593014 16.7642219862
202.922361864 12.3901809748
206.612137098 23.5735777929
212.456077741 23.257359801
221.489931994 6.31296245208
227.730265938 11.574825359
247.462457849 43.7622105605
252.155504615 42.7638221941
265.647801217 6.33451833957
269.720172692 39.0929515127
269.761265085 39.1171405399
269.964123987 39.4640252228
271.12959477 54.6752426668
271.785171805 54.8246679946
271.906400398 54.8216284818
272.111120623 54.8257359805
272.415902016 54.8652703882
272.163887536 80.7911860962
281.197100022 38.2453523714
281.207670842 82.2706954513
287.937538284 27.6463816944
296.886333142 27.5278495695
