-36.0153187852 28.0281932344
-19.0240654168 12.8384722023
-16.4098631111 5.03397639891
-2.14746462557 31.2215970812
-1.5956173555 14.4603457513
2.53908000152 37.2536104659
9.34281726933 17.4021745281
9.4349467849 8.0797619415
10.135892653 40.8312909556
12.983810878 33.0185228332
13.0636378384 33.0329757385
13.0927872119 33.0269277228
13.1582525729 33.0307146854
16.6489705779 8.22809063655
21.8624173202 19.7002084375
22.0455368816 2.72806537028
24.473392946 6.825317519
29.8262862083 33.3065176975
32.3606780219 29.660736145
48.3556926349 10.2399131619
48.8468286363 37.9365442627
57.3488425045 28.8286805843
57.8135755556 17.172775887
71.6691353153 13.1994989678
74.5557756288 3.52782090492
78.2145150591 4.7986530283
82.1431177774 18.49705282
91.5204446766 26.478559776
92.7749633381 24.5382396127
96.9532965068 8.38211099311
101.461180932 6.19509048739
103.306068549 11.7867888965
106.228038871 11.6286799005
110.744965997 3.15648122604
113.865132969 5.78741267949
123.731228925 21.8811052802
126.077752308 21.3819110971
132.823900609 3.16725916979
134.860086346 19.5464757564
134.880632543 19.5585702699
134.982061993 19.7320126114
135.564797385 27.3376213334
135.892585903 27.4123339973
135.953200199 27.4108142409
136.055560312 27.4128679903
136.207951008 27.4326351941
136.081943768 40.3955930481
140.598550011 19.1226761857
140.603835421 41.1353477257
143.968769142 13.8231908472
148.443166571 13.7639247847
