122.595738346 64.1981266401
92.2775148426 -15.1072215175
91.7150315007 -21.8831374928
95.8950093618 -14.4377122662
104.276182153 -4.26095810952
133.479456266 52.2774026274
127.574009471 33.2071015237
127.59048637 33.1706778644
122.36441164 18.95873689
122.35950932 18.9464383492
102.784598475 -19.2234696223
117.713384336 7.61577172771
127.972611997 29.1071953235
135.870636524 47.5059636466
141.919132371 43.9827239397
115.068470795 -14.9315992726
1.10296908272 88.0121472239
2.41248042367 80.6593939067
2.4272849346 45.3690003722
5.95371139771 90.4894965483
6.86857445431 56.6460824936
7.83945999219 80.2594724986
8.16995403995 86.7064800991
8.70677637993 88.4625790183
9.4447936164 5.73047906918
15.56193244 89.8371414407
16.8689956352 90.6566122126
19.1500444723 82.8022206933
17.3075369935 47.721854528
17.7948560566 54.2794508557
23.5295510689 87.4990609461
23.9796780693 87.8271649579
21.8892558408 22.9620744705
21.9234221771 22.9808852624
23.7003603288 37.5837951308
30.902123881 85.6329564737
32.0581087936 69.2881328589
24.5619655341 -3.9874724506
25.9287329156 3.10697831094
34.2652399064 62.5310886864
37.9967195243 89.9639870847
38.004845441 89.9306632632
38.005354101 89.8901389008
30.3034074911 19.2093606088
28.5093159726 -3.37118296338
36.2100985438 45.900856652
38.3237013854 53.814845524
40.2164663845 63.6670616624
38.3908712838 10.2133034014
40.129536239 18.2513720082
56.6850760715 86.3499534992
57.8376624769 85.6708470014
57.8834426153 85.687159431
56.908207221 57.7781290396
56.1078752637 40.9542405735
52.1732725795 20.5677092936
52.8170023152 6.56793981567
55.4447593278 11.9259231277
59.0669247386 20.5118149821
66.1466284541 47.9367126037
61.6906919028 16.836522491
76.0093844474 76.9535357456
65.7073954286 25.3548570341
61.1288647609 2.08683474862
74.6875973331 45.5146269775
64.1872660323 1.42525398794
61.2264517012 -9.97456343842
86.337831807 76.2769617097
63.8550673576 -6.24371017257
88.014003427 81.1598958963
72.9982842929 14.440844808
82.0092863099 44.9267813201
82.0188408571 44.9333118792
91.5185579843 80.2061634156
85.5331551194 44.1777464038
71.8967074768 0.771699578883
73.2350925976 1.72056201431
95.8035892287 68.3926182845
69.2627304943 -15.6843629537
95.2777946922 53.3175929342
76.6188783939 -3.17357987345
85.9328776618 17.4272179776
103.348521466 70.89765542
89.6669469874 21.5754544417
107.082238576 74.8030051049
88.587429674 14.9453308635
112.102876915 72.1834068342
105.982311193 44.5211891611
82.7998980813 -20.2812768918
98.3438555739 11.7186006169
98.3579088777 11.7063007821
