0.08519	55.65236
0.22117	40.9005
0.42428	64.62442
0.79395	-54.74882
0.84208	-17.45389
0.92076	13.11033
1.2094	12.81113
1.238	12.80525
1.37754	69.39984
1.491	-56.47564
1.50812	-42.57772
1.55789	-6.39315
1.56909	-83.10218
1.59412	-0.07353
2.1222	-5.97923
2.46917	12.73469
2.62729	-44.3825
2.71883	-41.88633
3.15696	65.85301
3.20797	77.79549
3.29389	0.85892
3.29449	0.85992
3.29876	77.81296
3.32404	20.79486
3.37971	40.86032
3.43379	34.69461
3.5065	5.75323
3.7033	61.29543
3.77561	32.27036
3.85146	-38.07633
4.00458	-63.16933
4.0462	-0.25346
4.12946	79.28055
4.40779	18.15719
4.71394	-12.70943
4.74809	-10.38077
4.94078	73.45834
5.10508	15.68183
5.19402	64.17009
5.24843	63.0209
5.25865	61.77757
5.30479	-19.17878
5.33424	24.46815
5.35568	-0.92795
5.60594	0.24893
5.78705	-25.04143
5.79688	-25.04839
6.12533	-29.47796
6.12558	-29.48183
6.17912	-42.03443
6.22187	64.12042
6.25192	64.17014
6.3083	64.14431
6.31667	-60.47808
6.31929	64.19458
6.33196	64.08567
6.33774	64.14012
6.3796	-33.0532
6.40142	64.17856
6.43408	64.11397
6.45482	-26.03684
6.45621	64.15031
6.539	-12.79697
6.5583	-20.08249
7.12056	-0.44017
7.13063	-0.428
7.30934	34.94229
7.4367	63.97856
7.75731	54.03072
8.15968	19.89809
8.47772	-7.50618
8.47774	-7.50793
8.56065	39.40463
8.75499	-63.34871
8.78674	-20.06672
9.02686	18.63312
9.03203	58.92983
9.26684	-1.15187
9.2673	-1.15225
9.35109	60.49756
9.35138	60.50283
9.43572	13.33194
9.44342	38.79939
9.57506	12.45869
9.58548	-2.12798
9.61213	-38.99667
9.68525	-62.52039
9.82745	3.33112
9.95346	74.72308
10.19867	-71.76656
10.21029	10.05632
10.21072	10.05807
10.22137	8.89369
10.22935	33.16889
10.35833	-1.72083
10.51894	23.33363
10.52975	37.66007
10.53742	-44.23348
10.58105	57.1435
10.68479	41.26906
10.78684	52.05939
11.17208	66.31175
11.17254	-35.50967
11.34657	13.66857
11.46221	-63.58594
11.57396	-42.13097
11.6972	68.27442
11.888	-25.28822
12.43856	-2.71585
12.44013	-2.71641
12.60808	-12.02139
12.67216	-9.48478
12.71656	-44.47748
12.73459	51.20084
12.73762	51.20047
12.94404	12.02912
12.94657	17.7861
13.06217	-43.10801
13.53505	-3.56531
13.8429	64.03428
13.96075	26.41017
13.98395	26.433
13.99471	68.37189
14.00441	68.37512
14.01125	-1.33432
14.08397	-1.32987
14.10664	-1.26246
14.39154	-1.38028
14.39229	-1.38289
14.39548	-1.39109
14.39821	-1.40183
14.45368	30.35245
14.59434	26.86624
14.59458	26.86528
14.77298	0.11434
14.7775	-17.01061
15.01607	66.84945
15.04192	-17.81488
15.21526	68.13904
15.52392	14.72382
15.69068	58.40309
15.69462	46.41022
15.70119	14.87775
15.70934	25.87107
15.94175	-41.34031
16.0936	-12.58763
16.28888	-38.18256
16.34217	-45.08808
16.46255	15.89457
16.85399	32.41256
16.8765	32.37247
17.07042	-16.07239
17.14192	69.37606
17.15815	-28.85782
17.16155	1.58342
17.21067	13.30872
17.22024	13.33728
17.22188	13.32422
17.23321	13.37239
17.35683	-34.78758
17.35993	62.74676
17.37458	73.18294
17.43167	73.19889
17.43647	73.19893
17.47079	73.21103
17.55364	68.09478
17.57778	31.78902
17.7398	56.53805
17.78788	-13.96103
17.93117	-69.00444
17.99048	49.48638
18.00932	49.4764
18.0212	14.73138
18.05281	41.87184
18.24822	15.49129
18.24938	15.49133
18.59777	48.39811
18.82125	-1.45127
19.05217	-11.60429
19.10436	-47.37823
19.21435	-20.86853
19.3605	7.70062
19.36167	7.69632
19.36304	7.69658
19.38675	89.48019
19.49783	45.60604
19.56413	-1.34176
19.56576	-25.86365
19.57704	2.96832
19.6432	-18.82077
19.75531	8.49853
19.89585	32.18057
19.92312	-68.15956
20.11292	-15.33795
20.25518	3.73733
20.35428	-0.94344
20.41796	-63.15094
20.42331	11.83067
20.48692	4.37354
20.51222	-37.52092
20.61633	-4.35763
20.66333	64.12381
20.76815	61.84954
21.18662	-25.28872
21.18921	-25.28815
21.37018	-0.09887
21.43462	-1.37958
21.49592	72.76169
21.49958	-1.3425
21.50264	-1.34516
21.51946	-1.40053
21.56437	-40.70753
21.6783	25.98369
21.68495	33.21978
21.72682	19.2147
21.80958	-41.21167
21.84659	9.24228
21.87585	-14.04861
21.87733	-61.27269
22.12638	29.04984
22.49921	23.63897
22.59818	26.1356
22.61601	-26.16569
22.77941	4.17087
22.832	4.25822
22.8322	25.34183
22.84069	6.39467
22.90221	-7.06589
23.05086	-6.87686
23.05806	-6.87609
23.11566	-61.77787
23.1812	-16.91348
23.38837	-44.73822
23.43042	30.68194
23.46204	30.66022
23.49058	-36.49325
23.55293	0.06254
23.55954	-36.47589
23.81246	8.18545
23.86802	37.90156
24.09679	20.94928
24.10138	20.95578
24.10171	20.95762
24.10588	20.96347
24.22581	30.24255
24.24414	47.85808
24.31657	9.49842
24.40978	-24.51497
24.42208	33.15976
24.98855	1.52949
25.05349	-9.94926
25.28817	13.89112
25.36284	-27.10292
25.51073	58.3141
25.60431	-16.47301
26.04879	34.19942
26.68795	-5.63287
26.74494	21.17344
27.12074	53.54318
27.34321	5.93155
27.44199	36.47576
27.64246	-29.54517
27.64939	-29.53222
27.66004	-29.51831
27.7098	-9.02413
28.00417	-29.68328
28.07525	22.11881
28.29217	-33.17385
28.35771	71.2518
28.78355	3.64045
28.87568	43.7654
28.90441	-40.81177
29.08764	5.62894
29.19804	-36.26897
29.28446	28.86194
29.29379	28.86043
29.3035	28.86064
29.31381	31.90491
29.39569	74.71201
29.42338	-10.72806
29.68217	-14.21864
30	41.7
30.03167	21.95007
30.04994	-30.89038
30.12542	40.81472
30.16171	44.45428
30.39958	29.56222
30.42073	18.61111
30.48829	-11.54256
30.5	41.7
30.55706	-76.33418
30.91998	-43.83101
30.93898	30.69142
31.14483	9.06368
31.21006	15.2364
31.24031	-17.02218
31.25	41.7
31.32062	64.83353
31.39683	64.82633
31.40794	75.36896
31.48292	64.82711
31.55492	64.82381
31.75916	29.51284
31.76257	62.77002
31.78154	6.98258
31.79113	29.52803
31.84667	79.93394
32.40809	61.68631
32.41054	35.79752
32.44837	9.83361
32.52815	-10.96621
32.55849	15.54312
32.6925	-51.01719
32.80249	21.32566
33.77466	20.01461
33.89742	-12.99153
33.90623	-12.99181
33.91296	-12.99256
34.18796	-47.81908
34.25785	28.08304
34.28193	11.06947
34.37839	73.82573
34.48854	-16.51958
34.68388	-24.80451
34.76033	-36.42836
35.02562	61.1228
35.19813	11.36197
35.22606	-1.94772
35.22634	-1.94719
35.27279	35.93715
35.45342	39.92381
35.49396	8.45156
35.50817	8.44647
35.60645	43.01324
35.64602	86.31838
35.64967	86.29089
35.66505	43.0355
35.70142	86.31425
35.76336	54.81385
35.79755	42.99205
35.83594	42.99399
35.92996	40.01457
35.93248	-28.31594
35.98951	-70.99496
36.05125	27.83654
36.11845	6.98982
36.22533	76.93189
36.26116	-23.2133
36.28306	-0.59248
36.35654	62.00297
36.36367	62.06147
36.38183	62.10531
36.43216	62.1021
36.43496	62.06036
36.54306	34.35841
36.71908	62.26508
36.77649	-17.22413
36.83429	-30.63022
37.20855	67.35084
37.31108	77.72133
37.53837	81.6906
37.54504	81.69164
37.73779	-39.73014
37.94123	13.38187
37.96121	-66.44448
38.11962	34.40164
38.1203	34.39633
38.22452	-6.76494
38.34053	58.81467
38.35308	-23.3515
38.5994	31.57152
38.78077	-4.03491
38.89751	29.14933
38.98375	41.38778
39.082	-37.75867
39.43104	-19.5426
39.46008	64.96524
39.46836	28.8025
39.50981	59.19722
39.62865	10.16889
39.66221	16.61647
40.03406	-23.15437
40.26535	8.76875
40.26999	-8.25576
40.27146	-8.25597
40.27394	8.71872
40.27567	8.73803
40.29429	72.03614
40.47924	59.60428
40.62154	11.01687
40.64484	-42.03112
40.66917	-0.01389
40.66963	-0.01328
40.92621	50.15881
40.93542	-51.20933
41.13144	39.56952
41.47542	-44.99425
41.56191	62.88289
41.73434	-55.68824
42.3808	43.08887
42.56443	39.57519
42.75367	46.95478
42.7624	6.20157
42.80379	46.96642
42.8939	43.2544
42.98243	-67.30004
43.06872	8.43713
43.19232	-71.07647
44.06246	-23.41469
44.18737	9.48615
44.29567	6.63314
44.42317	6.02692
44.42323	6.02467
45.04679	82.04411
45.30395	50.75139
45.42654	35.20574
45.80427	-0.24929
45.81258	16.43858
45.8126	16.43863
45.84705	45.01033
45.89684	47.27119
45.96096	-62.19043
46.15987	55.87747
46.17234	33.81209
46.19453	48.34971
46.23379	-35.9465
46.71944	-12.1063
47.10927	4.11092
47.2041	57.31689
47.499	17.09983
47.50037	17.09953
47.53697	42.82606
47.62908	44.59658
47.92016	25.50272
48.11064	39.27512
48.19315	-14.83118
48.68167	43.23475
48.83763	10.21205
48.84458	-3.27944
49.04288	-68.35139
49.16387	-43.85472
49.4903	-44.23818
49.49483	68.45235
49.56527	41.85775
49.56983	41.90489
49.74084	16.47575
49.94667	41.51306
49.95067	41.5117
50.14661	43.09353
50.35201	-45.17039
50.36981	-29.67955
50.40362	43.98958
50.47126	12.35388
50.5906	17.79723
50.67383	-37.20823
50.83446	5.56997
50.99712	-88.27192
51.04171	-76.50008
51.11817	-54.89103
51.17523	-3.413
51.66521	41.866
51.83065	55.34114
51.84635	12.14337
51.93596	55.37453
51.95779	2.55325
51.97581	2.56166
51.99587	2.56997
52.15221	-28.69889
52.15245	-28.69597
52.34954	39.79219
52.35083	39.795
52.46738	53.54296
52.49029	27.93764
52.52013	-16.64683
52.60392	71.83711
52.61518	41.02865
52.93609	-65.30165
53.51387	-39.01003
53.55689	-40.14039
53.5649	-1.18234
53.56542	-1.19253
53.56709	-1.19145
53.57679	39.35684
53.62202	74.17512
53.65946	-5.57722
53.87297	70.94102
53.92842	70.93281
54.1112	13.04231
54.11296	47.63383
54.11647	53.64774
54.12545	32.30815
54.26896	-41.38867
54.43064	50.76467
54.62094	-35.45066
54.70088	-35.37197
54.87891	-1.77661
55.03557	32.15062
55.14837	-21.32533
55.22391	7.59021
55.52254	-37.056
55.87504	4.96349
56.62742	-34.3795
56.647	-34.38369
56.70209	68.09637
56.78606	-11.11999
57.15894	-27.82043
57.19545	33.88758
57.19867	33.88325
57.44212	5.87069
57.44375	5.86175
57.44512	5.85433
57.86342	-27.76558
57.86646	-14.46942
57.86892	-14.48575
57.87338	-14.49897
57.899	-27.74297
57.91437	-27.73456
57.93762	-27.7205
57.98502	57.9007
58.01808	26.405
58.1273	-7.18398
58.1335	-7.18456
58.73141	72.91151
58.75513	61.40525
58.75762	61.40664
58.87667	-48.38589
58.94951	-66.75939
59.13933	19.00965
59.71625	10.40136
59.72684	10.43418
59.74046	10.45497
59.75374	14.60613
59.761	60.08946
59.87395	50.96393
59.9445	-37.00719
60.06895	-16.17004
60.22858	34.71942
60.28178	0.60914
60.77327	26.00042
60.80651	51.31608
60.81173	74.93366
60.81421	51.32356
60.82037	51.30425
60.94602	51.27049
60.97396	-36.08386
61.11679	47.10842
61.15917	51.12072
61.25488	16.17395
61.39168	-13.13714
61.45526	38.05895
61.61206	42.62862
61.74598	-38.44112
61.803	3.72414
61.81867	3.70717
61.84275	3.68825
61.85618	3.68052
61.9518	-12.19352
61.99063	-27.95175
62.008	43.02031
62.01393	43.00678
62.01883	42.99917
62.08492	-65.75252
62.20205	-75.12204
62.2715	35.17386
62.27754	-17.95231
62.34343	38.80914
62.69004	76.94592
62.72849	51.09623
62.76472	51.12329
62.78354	51.16625
62.78942	51.16294
62.81072	7.13127
62.91986	17.23477
63.09428	-0.99234
63.18194	23.08485
63.20092	-56.01272
63.25362	-34.50258
63.32358	74.85175
63.41329	11.21286
63.41821	11.20383
63.42558	11.19581
63.62427	14.27334
63.65523	34.31422
63.65737	5.57843
63.66335	48.80407
63.78629	-29.48414
64.01817	-20.94098
64.15227	-18.85232
64.40918	47.05943
64.51333	52.80528
64.56571	38.01386
64.58708	38.03017
64.58866	38.02661
64.61704	49.05703
64.62421	38.04044
64.70178	-2.99659
64.71682	46.64141
64.94583	-39.83436
65.00175	-54.93781
65.08746	15.28397
65.09238	17.89867
65.20531	25.44099
65.21737	-5.62224
65.23357	-62.39435
65.52108	76.45247
65.59137	14.13269
65.6255	38.52034
65.6403	-26.27427
65.685	53.4073
65.81584	-1.34252
65.82811	40.89246
65.94583	-34.04419
65.96456	0.5184
65.97184	34.86237
65.98337	41.83409
65.98988	-72.7671
66.03567	2.0736
66.06717	21.44183
66.09351	45.35644
66.14088	46.42986
66.19518	0.60176
66.28477	44.36669
66.40762	8.54932
66.57922	4.84049
66.66912	-26.72943
66.78042	-13.04806
66.85439	8.89181
66.98744	17.87879
67.16843	-37.93877
67.19296	55.30318
67.19431	21.55863
67.27925	-53.82669
67.28167	-53.82722
67.41769	-36.51564
67.56101	-61.5483
67.76567	20.62618
67.77953	1.21541
68.15209	41.64124
68.18321	46.35258
68.24904	47.31187
68.25162	-29.93738
68.28128	22.01524
68.29623	5.35434
68.47864	-2.4988
68.54349	-13.36996
68.56566	-13.17359
68.61938	72.48667
68.80214	4.56616
68.88686	61.61774
69.10865	16.96424
69.26823	29.6705
69.28486	-64.9837
69.34621	43.89775
69.35513	40.77589
69.40237	-29.90114
69.64272	48.23866
69.74628	48.81295
69.94198	20.40008
70.07158	-43.55239
70.08808	14.63249
70.15209	50.46167
70.3907	-33.66775
70.49628	1.35053
70.66109	-0.29539
70.81467	61.31288
71.00188	47.36689
71.06058	-59.41472
71.15104	-28.15619
71.15708	-28.16514
71.16071	-28.17022
71.16867	2.79793
71.21422	43.99177
71.25	41.5
71.57441	39.75084
71.695	50.62667
71.73722	35.9297
71.78616	14.84671
71.78698	33.46299
71.90534	-22.06022
72.08187	28.61636
72.09058	9.84763
72.19206	31.42935
72.26617	45.02678
72.28196	11.35794
72.28782	45.01089
72.37655	34.70645
72.39019	42.29627
72.52267	-81.01729
73.17825	36.39325
73.193	52.06614
73.22018	52.07976
73.23321	52.09308
73.31103	-28.12704
73.3472	31.49036
73.58348	57.96107
73.80959	-30.11283
73.84886	-20.57116
73.95377	-0.15743
73.96155	-46.2663
74.03717	-21.98594
74.05021	-21.99297
74.1794	22.82283
74.23058	35.30803
74.26325	-23.41445
74.33264	36.47518
74.60667	-30.11878
74.68515	37.28493
74.70326	6.13452
74.96688	2.49199
75.15883	39.02397
75.30337	-1.98729
75.56436	6.15208
75.60786	47.76793
75.62462	34.60969
75.68828	39.84333
75.74368	25.27364
75.83832	2.0513
76.17204	38.12031
76.17579	38.10316
76.17946	38.09417
76.17983	38.08411
76.22082	-10.24757
76.36354	63.09292
76.38915	-28.95245
76.68329	-61.16139
76.90194	3.13119
76.91658	35.04203
76.93729	36.3235
76.96509	-62.70738
76.98579	-38.7105
77.37295	29.96552
77.49952	22.73176
77.54871	-12.17931
77.6601	29.15683
77.66396	29.15356
77.74992	37.99089
77.75209	-22.03202
77.7584	-7.57015
78.11474	36.18459
78.19677	-48.40455
78.21893	40.69545
78.35927	37.44734
78.36871	-30.50939
78.38325	-30.48058
78.47271	27.18356
78.52438	0.94058
78.53303	31.18328
78.53483	0.94241
78.83942	-13.63736
78.85786	26.60452
78.95121	37.92675
78.95187	37.9271
78.99904	24.98917
79.01308	24.97375
79.12629	34.37253
79.19436	10.96522
79.33974	31.9787
79.34621	27.19304
79.37041	45.61802
79.60971	-56.23678
79.88509	50.90891
79.8876	27.73452
79.95717	-45.77883
79.97083	38.91806
80.19786	45.47645
80.29119	16.63946
80.41214	-20.7941
80.45649	-6.21419
80.54058	14.82913
80.58303	-12.1523
80.58917	33.38806
80.65927	33.46381
80.70992	46.95716
80.7416	-36.45857
80.82696	-26.23599
80.887	-32.85583
80.89386	-69.75613
81.11296	28.21305
81.36324	-32.70423
81.38083	-45.96519
81.41298	30.84543
81.52785	51.65744
81.61683	22.85379
81.67267	9.10544
81.67729	32.83286
81.68417	32.83972
81.77503	40.49942
81.86746	-12.69728
81.88072	43.03424
82.06834	34.4204
82.12766	21.55035
82.23304	29.25917
82.24375	23.47639
82.24591	15.32021
82.29229	25.01431
82.53318	-25.05831
82.73507	13.53199
82.8724	6.50694
83.16249	7.54537
83.26579	4.09858
83.30117	21.98425
83.32037	21.95789
83.34821	22.2705
83.36742	21.97358
83.40375	21.57575
83.42225	22.25825
83.46904	21.98108
83.47251	-3.12517
83.47625	21.74233
83.47763	-23.74153
83.49833	21.71006
83.503	21.51694
83.52208	21.65953
83.54025	21.60619
83.54375	22.19636
83.55383	-5.48825
83.55883	21.68389
83.57679	21.86042
83.59204	-5.46469
83.59321	-5.41569
83.59733	21.60789
83.60125	21.99444
83.6071	27.54019
83.6325	22.03717
83.63321	22.01446
83.63892	21.77031
83.65675	21.83464
83.66508	22.02614
83.66763	21.99694
83.67776	69.00135
83.68545	19.45598
83.68896	21.87781
83.70167	-61.3652
83.70404	22.19167
83.71175	10.07518
83.72775	22.00486
83.75679	22.31483
83.78396	22.12133
83.80192	21.75208
83.81729	22.13336
83.81866	-5.38968
83.82496	-5.40581
83.84413	21.69272
83.86979	21.63672
83.88033	-5.26322
83.88881	-12.03955
83.89496	21.69847
83.9175	22.24572
83.96633	22.06142
83.97442	22.08675
83.97683	22.03847
83.99675	22.05083
84.03258	-5.39097
84.03397	31.08921
84.05675	-49.74069
84.15246	-5.26761
84.18708	-5.30031
84.20562	-5.44881
84.42192	26.64671
84.43828	34.30217
84.46803	36.1866
84.51196	16.25667
84.62959	-13.24248
84.68525	-69.07756
84.70984	-44.08581
85.01092	0.41236
85.19202	17.47749
85.24997	35.84786
85.25642	-2.74212
85.264	35.85189
85.29208	-2.59444
85.30624	28.72127
85.33663	23.75988
85.40868	-5.69706
85.40996	-1.87903
85.415	-1.91361
85.4255	-1.89848
85.44242	-1.91861
85.44646	-1.86692
85.44763	-1.90533
85.45519	47.48545
85.65057	49.85201
85.78158	-24.35083
85.82733	28.31314
85.8653	18.76176
85.91129	8.6065
86.57371	-17.43089
86.87992	63.95986
86.88671	18.61251
86.90808	-44.51992
87.115	-32.97722
87.18242	26.60696
87.35044	-40.85418
87.37458	6.44039
87.70767	-31.74072
87.79396	28.77372
87.82848	16.61151
87.88636	-10.38931
87.88654	37.42494
87.97833	27.03222
88.34019	31.29739
88.35872	7.22017
88.42549	19.60839
88.45767	-0.91139
88.87836	39.81366
88.8897	12.53892
88.93891	-3.93999
89.06442	-32.38528
89.09246	36.64589
89.3507	14.06238
89.49969	-28.93087
89.98201	19.14779
90.0525	16.63944
90.23783	11.66042
90.51238	-38.31939
90.61929	62.92364
90.66209	-64.7225
90.77471	-79.58086
90.7839	-13.16947
90.79658	-34.44847
90.96482	21.9938
91.06042	-31.93278
91.11928	20.35604
91.14845	44.23293
91.47508	-35.30219
91.58975	19.45386
91.60823	64.74486
91.64015	-20.36662
91.90322	28.80823
91.94151	-6.38341
91.99875	-8.58055
92.14246	21.60475
92.14754	0.75358
92.19524	16.76277
92.20146	15.728
92.20279	-65.85394
92.38544	48.07094
92.4148	20.48758
92.42062	-15.7113
92.55463	-74.53125
92.70363	72.81477
93.19715	17.99014
93.2675	17.97808
93.38146	-47.45668
93.39025	-25.51044
93.45891	26.07687
93.59944	60.77271
93.7725	-82.62103
93.88053	71.04465
93.90152	71.03753
94.14992	-34.93793
94.15586	22.53166
94.3847	-36.5708
94.38802	54.07422
94.53208	-48.74667
94.539	10.71632
94.65712	78.35703
94.73938	13.60891
94.78947	15.35067
94.90592	-20.90439
94.98767	-37.19544
95.00208	-37.195
95.00456	-37.19508
95.01471	-37.19192
95.13382	-25.25486
95.21343	29.17413
95.25521	-45.07769
95.4211	14.53644
95.43005	-52.69332
95.47042	4.64292
95.71089	22.00714
95.91637	31.61467
96.06931	38.96321
96.23878	32.08471
96.26518	40.06382
96.35771	1.98494
96.44134	14.67215
96.44528	47.73488
96.57917	-53.69222
96.61376	-16.67638
96.70658	-54.54296
96.72877	26.38886
96.762	-35.48669
96.77815	-35.48757
96.79215	-5.88477
96.79404	-35.48461
97.05214	1.15746
97.1377	-21.20892
97.40829	33.6419
97.44232	50.47154
97.55183	76.54594
97.84467	25.01853
97.88483	19.14461
97.88579	19.14667
98.06376	10.36726
98.17973	15.99934
98.30415	8.22221
98.30933	6.53361
98.5934	7.62642
98.64238	2.48236
98.71357	19.16178
98.79424	19.07588
98.94378	-75.27134
98.99174	11.92845
99.02371	4.54476
99.12975	-20.56
99.13138	-20.51647
99.13442	-20.58144
99.13767	-20.70933
99.14143	10.7866
99.60483	84.18522
99.65753	-16.82135
99.82454	-78.25831
99.8415	73.41612
99.84891	11.55433
99.98829	-27.75889
99.98891	-27.76089
100.36809	9.72376
100.77925	23.31919
100.78084	23.31738
100.84197	7.41457
101.01978	59.92244
101.10458	-43.73017
101.11664	6.45348
101.29406	29.48777
101.31545	5.51863
101.31979	5.52573
101.35041	21.36422
101.36632	0.30222
101.43424	-15.83772
101.45621	77.93358
101.58583	59.77398
102.04554	-39.94058
102.04621	-39.95286
102.05038	-39.96506
102.11874	-17.73484
102.121	-2.36928
102.17152	14.6726
102.25763	6.59555
102.29677	61.65014
102.60242	-16.6277
102.81398	45.15728
102.88462	19.60579
102.97671	-60.36922
103.17212	-56.71506
103.20215	22.54008
103.21573	60.63229
103.33905	69.33107
103.71005	-13.15829
103.81147	54.14911
103.8117	54.15004
104.11737	-14.10958
104.12279	-14.14456
104.22648	14.91383
104.31862	-32.05959
104.47888	2.32194
104.55338	-65.74786
104.72592	-24.28739
104.73881	-24.29085
104.74621	-24.29192
104.82498	8.22526
105.19467	54.26278
105.19891	54.26065
105.36289	69.86398
105.37103	23.22377
105.53067	25.21867
105.53365	25.22953
105.53787	25.24194
105.53821	-47.44267
105.57332	37.95543
105.58554	37.95628
105.72346	44.52011
105.72567	68.68791
105.82953	-0.85088
106.11637	-10.45172
106.32107	-12.32603
106.47496	-42.81472
106.63977	-23.19413
106.67613	42.53635
106.70015	46.79895
106.87421	-0.43558
107.27809	26.07877
107.30115	-15.45009
107.30871	-36.02272
107.32412	74.82372
107.32535	74.82552
107.58388	-3.72414
107.61869	9.33153
107.6921	47.53643
107.94697	-20.72057
108.26	11.77074
108.26404	11.77272
108.30856	68.86914
108.40902	43.82145
108.51951	14.60611
108.60341	35.57772
108.6225	45.67003
108.62954	45.66854
108.88575	73.55815
108.94549	-2.51726
109.17167	53.38594
109.26875	-36.36936
109.28386	-36.36682
109.32365	-25.08204
109.48058	14.09268
109.62907	-13.22718
110.0629	-55.42213
110.19096	-34.12222
110.19783	-34.1185
110.29831	-0.86423
110.32671	-52.94539
110.33817	-12.09242
110.34171	-12.09239
110.54608	-18.80556
110.98608	19.08356
111.07624	12.77375
111.09687	15.21861
111.21258	16.02819
111.23004	-9.66572
111.32003	14.42049
111.45631	39.26956
111.45831	39.29041
111.461	-0.91571
111.46369	10.53416
111.76875	-2.07842
111.76892	-2.08939
111.77117	-2.06819
112.04294	14.62673
112.0454	67.81306
112.12888	24.31975
112.13697	12.16961
112.2726	-36.66258
112.51363	-18.54394
112.57963	-11.68683
112.6474	15.25362
112.67496	-26.34325
112.76686	-52.619
112.77778	-23.69663
112.88129	-22.4058
113.47818	2.03951
113.71357	-5.33169
113.94088	-17.59681
113.98138	33.11924
114.2669	36.05553
114.45025	-38.21639
114.53081	17.70528
114.58269	-30.41855
114.64123	-2.07251
114.73823	-6.44946
114.7625	81.76694
114.82514	1.61795
114.85196	70.38636
115.00392	-36.40542
115.0723	51.41775
115.2946	31.20006
115.35722	27.11261
115.60496	-17.25178
115.69167	80.46139
115.75571	80.44056
115.88171	-67.44043
115.91821	23.61691
116.07272	37.8881
116.09024	-6.49331
116.26865	2.00226
116.38775	10.18686
116.42363	31.71573
116.83413	-18.94689
116.88052	-19.29443
116.90314	55.75819
117.15363	55.81618
117.2808	55.88683
117.40734	-45.61148
117.4261	-44.2082
117.45008	55.90615
117.55137	31.32988
117.71686	12.51801
117.74065	82.69945
117.84454	-19.28792
117.87637	-38.87222
117.975	-27.97588
118.13292	-26.4043
118.9415	2.17819
119.27768	9.94301
119.29565	-11.63272
119.61712	37.78661
119.94666	37.64717
120.38983	14.24526
120.39705	50.16198
120.39761	50.16217
120.50977	63.88424
120.63	-17.862
120.66625	-9.96936
121.17599	30.21029
121.19988	10.25658
121.32575	61.73992
121.38046	24.17258
121.39582	24.16398
121.40421	-0.97069
121.40683	24.16025
121.40746	-0.97161
121.81277	-33.50543
121.88971	-17.41446
122.06473	-7.85275
122.16528	49.84348
122.21851	-10.4757
122.21933	-10.47267
122.22349	-10.46116
122.22767	-10.45017
122.22892	-10.44778
122.35854	-39.098
122.38292	-39.09208
122.40246	-39.08581
122.51508	42.46786
123.01442	-5.82241
123.22138	40.31669
123.24683	32.72004
123.40014	48.21738
123.62618	45.94432
123.68162	12.96944
123.68283	12.97122
123.84568	1.91653
123.8581	36.58754
123.86579	-3.14075
124.06637	-35.58833
124.39615	22.6216
124.56667	42.37928
124.94796	52.54087
124.94854	52.54051
125.18383	18.22227
125.22242	-36.22386
125.22508	-36.21567
125.23937	-12.9831
125.33404	-30.16681
125.36179	-30.18422
125.38174	71.32824
125.39	47.04373
125.39044	47.04314
125.40233	-30.21317
125.43361	17.8057
125.63314	5.95189
125.6536	51.20823
125.85316	22.38425
125.8646	42.94915
125.94338	-52.95332
126.03066	-42.99626
126.19682	55.87852
126.23118	39.27831
126.30888	-28.78497
126.34865	39.32933
126.45467	74.07544
126.45974	3.15681
126.52725	-35.54656
126.8225	-20.44
126.85554	29.31324
126.85582	29.31247
127.01992	-37.51841
127.12195	-32.00674
127.51768	7.76261
127.51872	7.76226
127.59056	23.39039
127.79174	37.70266
127.86456	32.32412
127.95365	4.49419
128.06683	18.5367
128.09674	49.22251
128.32751	11.46478
128.32798	51.05191
128.3358	11.51857
128.70127	17.01232
128.70307	17.01463
128.72877	55.57252
128.76527	14.19685
128.83099	72.64536
128.89196	-1.85014
129.1634	-20.2832
129.2963	-19.86578
129.43333	65.22528
129.43732	65.22637
129.46983	44.84056
129.77691	57.90475
129.87788	50.40531
129.94688	-12.24078
129.96091	-12.24275
130.19828	13.20655
130.35152	70.89505
130.36264	-75.67441
130.52123	18.59472
130.88182	42.2582
130.908	-81.30811
131.28438	-33.79475
131.50306	-26.18171
131.70423	-29.71218
131.97113	53.87618
131.972	53.8769
131.97386	53.87702
131.996	31.78564
132.06707	-57.44738
132.13903	78.50113
132.1505	5.92297
133.25133	-20.79076
133.28587	13.8819
133.28587	13.88194
133.36778	-3.68537
133.45382	-14.46492
133.6637	14.09793
133.67498	57.95832
133.67611	57.95695
133.70365	20.10851
133.71971	57.93934
133.78978	-7.25082
134.29862	-3.66122
134.41643	34.06738
134.41914	34.06849
134.42208	34.06873
134.52235	-19.84359
134.54151	27.84766
134.54184	27.84838
134.67253	14.16263
134.67291	14.16221
134.78048	-47.52318
134.86292	-43.7525
134.91173	-19.37404
135.16683	-28.13899
135.20102	18.53889
135.20156	18.53688
135.27188	29.0297
135.27259	29.02716
135.44793	-25.92187
135.57013	-14.25858
135.60636	-5.2772
135.76663	46.85115
135.98594	-38.61608
136.06512	42.63466
136.06703	42.63444
136.22158	-57.58494
136.63245	16.77139
136.6328	16.76996
136.7185	-68.49439
136.88825	41.57892
136.94546	-35.59014
137.21077	37.80534
137.21234	37.80507
137.29205	1.35989
137.38957	42.89625
137.71339	-56.61464
138.00742	-63.87725
138.0117	37.85947
138.0166	16.30825
138.07523	-0.98193
138.52172	17.2651
138.52324	17.2655
139.15984	58.69622
139.20377	38.90782
139.23354	-31.61045
139.24995	58.64734
139.31829	11.22681
139.38112	-54.92715
139.52362	-12.09554
139.62168	22.54305
140.04646	17.89031
140.24358	44.69833
140.26907	45.63472
140.27021	45.63511
140.28142	45.64603
140.28593	45.64928
140.30067	45.66685
140.30074	45.66627
140.37231	-26.31205
140.40096	62.26449
140.55428	-14.48042
140.69341	-39.99307
140.70784	53.03935
140.92822	-9.58974
141.10071	-51.99142
141.72147	64.32655
141.76256	39.03913
141.95583	-79.01489
142.35326	6.87695
142.52141	1.83919
142.63875	36.02274
142.63947	36.02338
142.72595	58.92137
142.72703	58.92162
143.16519	79.10876
143.19132	-20.29772
143.76691	8.69385
143.77731	39.70207
143.79793	-28.34208
144.486	-29.21928
144.50612	-29.212
144.84386	83.2568
144.95871	35.93299
144.96018	35.92922
144.96983	35.89969
144.97987	35.86978
145.34692	39.73572
145.35012	39.74499
145.535	13.8645
145.54999	13.81444
145.56411	13.76403
145.80338	2.72389
145.80387	2.7243
145.82118	-7.63496
145.83014	-0.07358
145.84955	-76.33631
145.90393	-8.32523
146.06823	9.77201
146.06873	9.77147
146.30752	16.92261
146.91408	7.41797
146.93818	7.42232
146.94696	7.4205
146.96671	7.42164
147.23059	40.66238
147.30069	66.24989
147.32262	73.23383
147.44108	73.23976
147.47054	-25.19432
147.47246	-25.18983
147.54496	14.33351
147.54497	14.33353
147.84167	33
147.99511	-0.02423
148.0006	24.37458
148.02536	28.47566
148.69768	74.59921
148.73638	17.72483
148.73676	17.72534
148.96969	69.67938
149.20781	25.25446
149.4091	55.38271
149.52011	-29.06869
149.56525	3.41938
149.58729	32.40061
149.58783	32.36989
149.61998	-1.66628
150.09085	22.55519
150.117	14.02616
150.11819	14.02512
150.34608	-0.43598
150.44251	28.78185
150.44342	28.78178
150.4444	28.7817
150.45634	28.78582
150.46804	28.79169
150.47175	28.79301
150.49962	-44.6335
150.73775	19.86467
151.13699	31.86433
151.28438	-21.87342
151.29659	-21.74797
151.48879	-41.81442
151.50723	34.9029
151.82779	44.41608
151.8303	44.41903
151.83196	44.4208
151.85878	12.81559
151.92291	13.94156
151.92715	59.13608
152.00012	7.50454
152.2961	-28.93164
152.6138	41.53872
152.6147	41.54418
152.71914	-2.01584
152.75158	6.41103
152.88591	71.41155
152.93815	46.47195
152.93923	46.47215
153.07857	-64.96489
153.44877	-31.88945
153.56167	74.627
153.69611	23.02127
153.69628	23.0197
153.99271	40.77981
154.30907	39.023
154.39399	81.08852
154.45576	27.53448
154.53861	-31.73724
154.93433	-42.41501
155.01614	-42.85854
155.04822	-32.7598
155.13508	65.85604
155.22366	48.52338
155.23243	48.49973
155.47719	21.99186
155.79819	39.80427
155.81413	39.80933
155.8565	80.5502
155.91179	59.08031
156.12328	-0.88208
156.33669	20.17224
156.8112	46.04892
156.86971	-40.83425
156.88997	48.28842
157.3599	78.87827
157.5412	0.62775
157.80046	8.88753
158.26545	41.2684
158.30387	-34.31276
158.36408	-41.13814
158.39103	58.2441
158.39156	58.24319
158.39825	-12.17566
158.47236	11.20706
158.52118	11.20878
158.56046	50.22245
158.5746	50.22495
158.77933	56.47967
159.317	-29.56745
159.61871	-70.05236
159.85833	33
160.32151	6.17137
160.41245	2.70873
160.41247	2.70878
160.68586	12.05868
160.75	41.5
161.54354	73.35313
161.58676	54.98106
161.64546	15.72941
161.68708	-36.02339
162.02759	-19.15992
162.14039	60.14603
162.1427	34.95694
162.15949	-41.23338
162.67657	-27.5523
162.76991	-31.63731
162.87467	-9.30283
162.88402	-20.39651
162.88521	-9.30889
162.95329	21.3312
163.10704	20.50015
163.10877	20.49675
163.13643	61.42249
163.15276	71.99773
163.88921	-28.52611
164.28983	-37.30844
164.48087	-24.56358
164.57304	19.86983
164.57366	19.86702
164.57459	19.86413
164.62314	1.56394
164.62336	1.56634
164.72825	-36.32301
164.72887	-36.34642
164.74494	43.02309
164.74566	43.02345
165.45336	72.42698
165.51604	-1.2715
165.60935	55.83414
165.62973	-9.69008
166.05703	76.98278
166.34505	30.16153
166.35898	20.8714
166.54267	-50.52936
166.55021	-24.74577
166.59176	-21.15024
166.6324	-0.88124
166.78622	-44.81877
166.82121	-5.41619
167.03437	14.59314
167.15693	38.97842
167.2172	25.01517
167.37022	37.74197
167.44194	10.72864
167.44675	37.63679
167.45795	37.64151
167.46415	37.64449
167.46741	37.64548
167.831	-40.51175
167.83361	19.92667
167.84383	3.152
167.84447	3.15273
167.88453	35.67865
167.88746	35.67823
167.91559	40.84005
168.16293	43.43377
168.16414	43.42965
168.2077	-21.97482
168.38535	-2.21498
168.38633	-2.21304
168.65732	40.62306
168.65952	40.62252
168.6614	40.62235
168.66172	40.62199
169.14423	29.25477
169.14782	29.25621
169.26986	27.0102
169.39085	-2.60041
169.61232	-46.57083
169.73876	12.57826
169.82246	-5.45224
169.85516	-3.04764
170.038	-25.13545
170.11586	14.34861
170.17927	23.46534
170.35462	-5.89901
170.78822	5.50541
170.78932	5.50523
170.87728	-51.54305
171.16041	4.94099
171.18209	19.32449
171.3465	-37.39075
171.4704	-35.39481
171.48133	20.00189
171.48167	-35.38947
171.59864	33.7574
171.61302	12.343
171.64579	12.37398
171.92804	18.43184
172.32174	10.0146
172.39973	0.25457
172.44986	50.43095
172.52939	-14.82427
172.58292	-13.34722
172.60611	66.43482
172.91205	45.24754
173.27129	-4.01325
173.40371	-19.90441
173.48754	21.09365
173.49676	49.06206
173.5982	-17.46437
173.66028	43.46682
173.72704	30.09064
173.72801	30.09
173.80398	-0.35542
173.98329	42.97907
174.0125	-17.55363
174.04025	-74.26258
174.339	61.33366
174.37328	1.27054
174.50165	56.05118
174.59404	-68.17556
174.79459	-13.84546
174.82042	-32.37278
174.82304	-32.38222
174.98768	65.79705
174.99417	65.79642
175.07059	17.72805
175.11559	12.05231
175.20656	59.20705
175.28446	1.23822
175.39374	-28.84788
175.64565	-11.69674
175.85452	22.11559
175.90369	46.36222
176.00321	30.0414
176.11332	37.1422
176.14404	37.17129
176.27087	19.60632
176.27197	69.97766
176.2729	19.61024
176.282	69.97111
176.28512	19.62639
176.35858	31.56531
176.3708	31.56373
176.37746	31.56099
176.37929	31.56028
176.37996	31.55993
176.38	-48.60281
176.4307	49.76896
176.53376	-24.79247
176.58589	-31.95417
176.61852	-33.47849
176.71408	-1.17341
176.75571	-38.20306
176.78406	-41.18765
177.25071	-12.071
177.27783	-12.07597
177.48569	12.78863
177.68279	-0.39839
177.81468	-35.61633
178.23737	-72.65675
178.30208	80.97477
178.35194	49.51912
178.40029	-35.37567
178.47014	38.19685
178.47775	40.61462
178.48562	38.16236
178.55361	29.26911
178.59078	-35.09141
178.6352	-69.75946
178.88196	54.89892
179.01445	58.78497
179.01446	58.78506
179.07809	31.46797
179.58392	26.35333
179.6056	24.84638
179.60745	24.83832
179.79695	-22.47692
179.80297	-9.68112
179.80725	53.88531
179.88264	29.24551
179.90807	58.34835
179.95321	58.33897
180.08004	73.01269
180.11608	73.01236
180.12996	45.81173
180.24629	31.55776
180.55176	-10.68113
180.84137	4.23864
181.00838	-4.37928
181.00887	-4.37886
181.21147	29.50609
181.38838	-26.56791
181.58292	4.10319
181.60292	64.22689
181.63895	22.26045
182.1649	-34.05252
182.30674	43.65582
182.97362	-40.29492
182.98316	-53.1604
183.2335	20.54345
183.38398	13.12238
183.51715	33.16267
183.57083	-41.99694
183.70298	-1.00452
183.70356	-1.00458
183.81134	17.50062
183.87315	53.59886
183.9448	-17.52928
183.98167	34.80423
184.37429	3.61222
184.38098	3.61569
184.41492	3.66478
184.52605	-46.00806
184.64458	-10.31236
184.65863	-10.34306
184.68762	5.80353
184.74647	19.92447
184.76029	-7.25281
184.76277	19.92831
184.79425	5.82489
184.81375	5.82453
184.84675	5.82522
184.89613	5.83094
185.11662	9.47428
185.14115	33.72001
185.14122	33.71888
185.164	-37.67089
185.38204	28.23292
185.93042	-42.59389
186.11797	42.11004
186.11884	42.11009
186.12846	-66.83872
186.21842	3.51397
186.22691	21.37955
186.22839	21.37993
186.2656	12.88698
186.26575	12.87644
186.2685	12.89227
186.26962	12.89519
186.54893	12.94622
186.60612	9.6679
186.66708	-26.50076
186.99469	36.58662
187.04718	20.39661
187.04904	20.38864
187.04907	20.39288
187.18984	-21.43717
187.27616	2.05036
187.27792	2.05239
187.30722	12.35235
187.31969	12.35154
187.32986	12.35264
187.39239	12.43236
187.40432	12.36077
187.46583	11.6775
187.466	11.67339
187.46802	11.67738
187.64871	12.32172
187.665	12.29947
187.70465	12.39032
187.70593	12.39112
187.75726	12.29833
187.75763	12.47386
187.75871	12.38969
187.76654	12.40292
188.00005	-2.40146
188.00145	-2.40073
188.31341	67.1287
188.73077	2.06071
188.84571	21.33842
188.86112	21.34299
188.87954	21.34758
188.90325	-25.19061
188.90736	-25.20469
188.92486	-41.887
189.11615	16.53447
189.29988	-72.59181
189.92942	-10.3913
190.1072	-17.28976
190.49233	57.51165
190.53338	32.5415
190.58194	-4.77242
190.80129	-21.20363
190.92763	16.39339
190.99021	16.38154
191.20495	40.80171
191.49012	-41.47931
191.5	-53.82028
191.69501	-25.79702
191.78054	49.00497
192.09642	-85.218
192.09958	-19.9885
192.19958	-41.30778
192.20521	-41.31083
192.46311	33.38857
192.52383	-40.44153
192.58724	-19.76671
192.92515	50.57349
192.92779	8.9372
192.93158	50.57358
193.10979	56.57213
193.26334	2.64077
193.26479	2.63953
193.28012	-10.49419
193.38766	15.70811
193.39171	15.71057
193.54826	27.62669
193.55005	27.6261
193.63454	-12.56533
193.64884	-12.56865
193.65083	-12.56306
193.65933	-12.55578
193.6594	11.68497
193.67087	-29.22764
193.82471	25.35308
194.0457	-5.78805
194.04653	-5.78931
194.23751	47.33885
194.24042	47.33889
194.3363	-33.57951
194.34154	-30.36364
194.34483	-30.36292
194.49609	-31.92135
194.82204	-8.10125
195.10375	-23.30139
195.13877	40.15214
195.14836	80.91078
195.25328	-32.44131
195.63321	-44.77742
195.79258	-77.19886
196.24388	-32.82108
196.36449	-49.46821
196.40025	8.92051
196.97472	6.70387
197.0915	65.73755
197.15914	-82.993
197.16299	-9.84237
197.45728	-0.2099
197.61933	32.34701
197.61943	32.3455
197.76948	27.46868
197.78567	27.46569
197.9171	-22.28457
198.36661	67.59733
198.40772	54.97331
198.411	69.65266
198.49525	69.62172
198.75524	20.74153
198.77302	-18.97051
199.03327	-33.64977
199.07093	7.04629
199.10607	-12.43747
199.76734	29.64301
199.91153	-0.82776
199.94249	51.8016
199.94883	51.80406
200.08914	17.7197
200.3034	-43.70455
200.32449	42.58754
200.32849	11.11388
200.56239	26.76288
200.75982	29.69285
200.76769	-44.87607
200.82735	3.13576
200.93177	31.56147
200.93758	31.56575
201.36506	-43.01911
201.50929	36.79981
201.56292	-61.37722
201.5688	31.90264
201.75359	22.1806
201.88205	31.85736
201.90925	-2.05275
202.25589	10.8847
202.46963	47.19517
202.48417	47.23056
202.52958	-21.70028
202.65704	25.15302
202.78453	30.50915
202.78589	-25.99576
202.90437	50.13164
203.09867	-33.13928
203.13321	-25.99581
203.22196	2.01269
203.22851	2.01308
203.23487	2.01292
203.39925	-33.08994
203.46833	-10.1274
203.57733	-10.15806
203.93968	-33.87269
204.16262	-33.96583
204.17983	-33.97764
204.25396	-29.86542
204.40639	-18.19467
204.41576	-12.95686
204.53356	-6.45304
204.70712	38.85431
204.70722	38.85282
204.70777	38.85171
204.70781	38.85257
205.37525	-40.39103
205.38998	53.74519
205.39521	53.74548
205.55531	60.3619
205.68152	5.07537
205.68176	5.07562
205.70152	1.9692
205.97708	-37.56486
206.09896	14.15425
206.26621	-31.67086
206.35986	49.77572
206.3881	42.83769
206.40512	-0.95181
206.40575	-0.95179
206.46467	-30.25128
206.60004	-37.97103
206.70435	-60.40815
206.75569	-8.05718
206.75635	-8.05662
206.80067	-24.37294
206.88901	12.29007
206.88908	12.29017
207.09028	28.5467
207.2189	26.59268
207.30023	19.99421
207.3944	53.68807
207.41225	21.12461
207.46309	-39.38068
207.55871	-22.07808
207.67517	64.49183
207.70901	-13.20287
207.832	-5.81647
207.91768	-5.79647
207.96937	-14.82071
208.04067	-5.73181
208.04292	-26.82444
208.07434	31.44625
208.12777	2.54635
208.22436	58.41367
208.23495	11.11877
208.23547	58.40632
208.67072	16.24726
209.25642	1.07744
209.25845	-14.09492
209.26849	19.31871
209.27531	-17.73386
209.47406	0.77585
209.75076	-41.88129
210.11937	62.17739
210.38579	-11.58325
210.42436	-11.60703
210.51001	-28.37365
210.66713	-36.06376
210.88007	63.71209
210.88008	63.71335
211.00159	-4.62632
211.022	65.86044
211.08688	-29.86779
211.25467	4.25995
211.41892	-36.92558
211.54664	-2.72801
211.68342	34.19031
211.70255	-1.90458
211.70478	-1.90484
212.08742	23.78929
212.48873	17.54555
212.51063	24.62368
212.52335	17.57064
212.62037	-42.78211
212.67908	36.78929
212.67934	36.7894
212.8355	52.20277
213.29146	-65.33922
213.40113	-7.16819
213.45209	-5.99882
213.50014	9.25129
213.50091	9.25071
213.5228	-24.09355
213.66295	-30.42833
213.99507	13.33992
214.01744	34.74345
214.12983	-36.68556
214.13811	-36.68191
214.17102	-21.77098
214.19504	10.77003
214.22063	10.80739
214.22167	10.80278
214.25186	7.17952
214.25193	7.18082
214.26438	46.10988
214.28401	46.11818
214.35	-4.0132
214.36138	-21.44819
214.36288	-21.44533
214.60767	-38.16939
214.7495	-15.92648
214.78409	6.47633
214.94416	54.38744
214.94905	76.00947
214.95687	-19.47642
214.95721	-19.47369
214.99458	27.04333
214.9951	27.02894
215.00746	-37.72636
215.01542	-49.59508
215.27327	41.7468
215.2743	41.74722
215.70512	-27.46553
215.75338	19.58967
215.75431	19.58816
215.79571	15.71504
215.90115	-18.27051
216.06217	-38.43992
216.06864	-38.44658
216.07504	-38.45314
216.13432	-49.23045
216.18004	-74.69981
216.23704	20.00629
216.37133	-29.99891
216.46132	24.06761
216.49279	-17.94533
216.90875	-12.06389
216.93636	16.68371
216.98457	-42.1054
217.11757	-27.69782
217.13048	-1.40221
217.24159	15.72058
217.34116	54.10309
217.48074	7.25357
217.50684	7.26325
217.51392	7.25036
217.61897	-50.71322
218.24038	-18.02646
218.57232	6.36896
218.82017	-48.36322
218.94625	76.09051
219.19084	63.61052
219.23824	3.40322
219.23865	3.40387
219.6866	62.19845
219.86946	-16.98439
220.09299	38.33812
220.09307	38.33712
220.51654	-26.61206
220.75965	52.0263
220.76158	52.02702
220.81068	77.12436
220.84167	34.65
220.93029	50.57535
221.3186	9.97669
221.68056	27.95018
221.78484	17.79799
221.78985	76.9394
222.06273	-16.34015
222.12104	-47.02775
222.16642	0.30464
222.20895	20.42581
222.33989	63.27055
222.76962	-75.15989
223.14825	-13.18728
223.42339	69.45904
223.51031	-34.01589
223.53467	50.05861
223.59762	-19.41817
223.5977	16.35529
223.61038	-36.64928
223.61173	16.39945
223.61421	-37.79254
223.61738	-36.66842
223.62688	-36.68117
223.63713	-40.20903
223.75558	-4.36178
223.75586	-4.35019
223.75596	-4.33958
223.78913	-36.92206
223.79442	-5.65319
223.97864	-11.14523
223.98008	-11.14964
224.02364	16.44858
224.17247	-6.29521
224.27642	-36.08331
224.74732	4.27051
224.7816	71.67219
224.81568	-36.92998
224.85317	-16.69337
225.39482	-39.31095
225.39928	56.9636
225.59333	-42.1025
225.89451	-2.50842
226.03842	60.01538
226.10408	10.49422
226.22983	26.04722
226.23801	26.01624
226.23833	26.015
226.24346	26.02581
226.24575	25.99694
226.51265	-9.32001
226.53971	37.5142
226.76995	-16.87507
227.12281	1.03507
227.12568	1.03492
227.33266	47.449
227.59375	70.76444
227.60025	70.75908
227.72297	-5.71797
227.7233	-5.71873
227.73763	7.85689
227.73864	7.85694
227.75004	7.86389
227.76538	7.87342
227.98217	-30.75124
228.10619	1.35225
228.21055	-9.09995
228.41698	26.12533
228.41744	23.64311
229.0495	-38.32278
229.16758	0.25053
229.18333	7.01861
229.18537	7.02163
229.18556	7.01883
229.23588	18.50592
229.35049	-16.69711
229.42422	-24.37208
230.0227	20.26827
230.02729	-28.57072
230.1985	72.41821
230.28624	51.08352
230.31008	4.50602
230.31065	51.08359
230.31437	4.49895
230.45406	-29.71248
230.46625	7.70861
230.65698	-27.503
230.69046	-5.06764
230.98736	10.92875
230.98739	10.92868
231.01678	54.46757
231.0235	54.47178
231.30178	-19.04765
231.45401	3.14055
231.74767	-13.85005
231.88617	19.49222
232.11635	37.63597
232.55942	-42.53156
232.8557	35.5611
232.87313	24.04386
232.9313	24.0719
232.95479	24.06709
232.9614	24.04539
232.99591	-29.50305
233.1121	3.7564
233.3102	15.27817
233.31282	13.53999
233.47254	-33.62028
233.71856	1.51784
233.75513	55.61469
233.75517	55.61384
234.38489	13.74668
234.53979	34.59339
234.68158	34.62031
234.80175	34.64064
234.85291	34.19624
234.90693	34.73495
234.93386	34.58443
234.97945	34.33703
234.98667	34.49195
235.03832	14.35402
235.14871	34.43431
235.17163	34.33009
235.1742	34.31029
235.20621	14.79608
235.22967	34.50431
235.28616	61.03304
235.29117	34.30881
235.33829	34.51911
235.35663	34.4751
235.43973	60.25974
235.53108	-9.462
235.75703	-7.95184
236.01142	-33.87583
236.01283	-13.51567
236.45932	64.9186
236.52613	-73.18058
236.53971	0.44017
236.93141	20.87128
236.93429	20.87806
237.05391	-12.22537
237.06028	48.58347
237.06094	48.5839
237.24187	-32.28267
237.30139	30.7879
237.30304	30.78713
237.30349	30.78695
237.37265	2.61699
237.45374	21.42724
237.49343	62.68935
237.64695	5.4529
237.74643	-82.96857
237.79858	26.10397
237.87121	20.06389
237.87997	20.05892
238.03808	20.09327
238.03831	20.08979
238.10587	20.09922
238.12082	20.09769
238.38625	12.9477
238.51029	-27.07784
238.66346	19.78834
238.84023	-79.67674
239.04195	20.07234
239.05831	-6.37717
239.15041	42.95248
239.15232	42.95354
239.15895	42.95951
239.16479	42.9562
239.24529	-79.23452
239.3513	70.69711
239.37605	70.6891
239.44371	7.15347
239.44383	7.15405
239.46431	-0.03067
239.59704	65.50656
239.60058	65.50746
239.78408	-21.67672
239.97624	16.31054
240.00418	-0.6228
240.53026	33.44808
240.57171	1.97206
240.57951	80.2658
240.593	80.26642
240.61406	1.9656
240.63262	1.96339
240.63411	1.96334
241.18883	1.29751
241.23392	-0.31857
241.25895	-17.57108
241.30286	-28.9868
241.34496	-9.44108
241.35717	-9.45089
241.37775	-9.45815
241.40412	-9.47067
241.4439	0.43154
241.55292	0.0075
241.66962	-63.49065
242.19251	10.48549
242.3055	26.6914
242.36571	79.66415
242.37933	65.94047
242.40253	65.94545
242.51158	-9.31667
242.51413	32.97889
242.52257	32.97759
243.03834	-14.32046
243.07899	22.371
243.32224	-21.56854
243.39242	22.07364
243.4211	34.21331
243.56044	4.09843
243.70606	17.48726
243.766	-60.90717
244.15963	26.78372
244.31561	21.12466
244.3303	-10.03999
244.39889	35.03011
244.41882	35.00428
244.42508	32.36881
244.42718	32.37633
244.43033	32.384
244.45532	-77.28846
244.76537	6.21729
244.89155	-84.30531
244.91925	85.82256
244.96208	13.6109
245.00636	-4.30417
245.05513	15.43808
245.08235	-11.22582
245.08917	17.60814
245.09091	17.60667
245.09847	17.59685
245.13087	65.46305
245.20658	7.09914
245.25065	-23.70076
245.29323	10.77062
245.55	-50.0975
245.67645	-11.48225
245.76384	-49.54389
245.99805	-11.67867
246.01046	-26.2075
246.07682	-68.15347
246.16286	23.75339
246.16425	23.75486
246.20806	60.12053
246.27181	8.64914
246.30902	26.8407
246.30989	15.75609
246.44538	-25.46065
246.48125	-31.13556
246.49029	41.57795
246.52509	-29.85749
246.57537	-22.92508
246.8813	21.21357
246.88453	21.20674
246.933	-39.88417
247.01487	27.69336
247.01595	27.69382
247.01688	27.69529
247.15833	39.54861
247.1593	39.55122
247.16033	39.55156
247.1607	39.55003
247.16079	14.63509
247.16226	14.63489
247.2166	44.3189
247.22019	44.31808
247.39254	16.86689
247.40182	23.33702
247.40388	23.33734
247.45178	13.70159
247.61055	8.20289
247.89451	-75.16482
247.91463	-26.94578
247.93859	11.93416
248.13321	82.53789
248.48637	74.09689
248.60402	0.88589
248.64079	62.75995
248.65166	-47.59902
248.71404	18.37208
248.81455	38.13458
249.08917	46.85267
249.15209	26.80256
249.15575	26.80183
249.43887	47.29478
249.54212	-68.23444
249.55607	57.33999
249.59206	10.58538
249.61747	62.57898
249.68869	-14.26395
249.73624	-3.22455
249.75385	-23.49866
249.86804	-40.26656
249.95224	-46.85034
249.99888	3.73974
250.12347	39.77945
250.16597	-2.66211
250.16606	-2.66173
250.19975	12.33391
250.50907	-6.35658
250.5327	68.94438
250.73934	4.34841
250.74504	39.81028
250.77322	37.48699
250.88912	-23.26886
250.9525	17.26374
250.95479	-15.43989
251.06717	-77.26356
251.1711	13.08762
251.24609	25.6085
251.35572	-18.58847
251.3559	-1.61855
251.42655	2.19563
251.51989	-22.46705
251.76042	-7.25899
251.87781	-10.73773
251.92426	17.33666
251.94739	37.81164
252.0035	0.89668
252.13246	2.71278
252.1799	75.77458
252.22525	42.9
252.76604	4.99497
252.77058	4.99508
252.78395	4.99259
252.79758	4.98881
252.80346	4.98814
252.84708	7.23306
252.92116	-6.30382
252.92638	-6.29611
253.24353	0.3187
253.24529	2.40093
253.46757	39.76017
253.71718	5.63024
254.00852	5.5152
254.44533	48.14251
254.53755	7.69098
254.63936	5.25457
254.86488	47.05364
254.87309	47.04558
254.879	47.04033
254.89921	-40.17489
254.92388	-40.18925
255.10725	32.551
255.16325	14.81096
255.29047	-29.91162
255.67074	-77.69928
255.71911	50.29006
255.93136	78.71739
256.02876	29.78546
256.03003	29.78312
256.03242	10.97642
256.10996	-13.83341
256.1724	60.74181
256.17929	60.74711
256.18159	60.74729
256.20157	-0.6482
256.21833	-24.74831
256.25529	-24.75272
256.26475	38.67703
256.29262	-24.75783
256.42336	-32.32336
256.82397	45.60293
256.94129	-30.513
257.00669	14.04279
257.32796	-35.42272
257.34079	7.65839
257.61879	-40.18203
257.64583	0.6125
257.64733	0.61722
257.68377	46.0246
257.83309	30.32157
257.91265	16.64067
257.95154	-39.16661
257.95286	-1.17464
257.98092	-23.16181
258.03421	7.08539
258.17829	-24.59664
258.23815	-28.16003
258.27521	-38.99794
258.27583	-8.28309
258.29971	-25.024
258.31429	-25.04075
258.32988	-25.05639
258.35789	28.21868
258.38031	-26.98126
258.43596	-37.10314
258.46152	-32.4369
258.52467	-38.13472
258.53205	0.58413
258.55421	-38.18703
258.63238	-38.47625
258.69913	-25.24338
258.70371	-38.51339
258.70862	-38.55211
258.75615	-3.35898
258.765	0.03086
259.03538	68.93438
259.22	-38.02161
259.23369	-2.03967
259.26008	-36.35164
259.27943	2.43477
259.41083	-39.8146
259.50958	-37.4425
259.59471	-39.31969
259.61404	-39.31567
259.78739	22.75199
259.84569	0.61923
259.86292	-37.18103
259.98272	-3.39389
259.99671	-2.45219
260.01763	-14.43479
260.02879	-38.95947
260.0484	-7.02551
260.07946	-35.91489
260.08358	-0.98292
260.10617	-0.98117
260.11733	-0.97962
260.13313	-35.85642
260.14269	6.3406
260.14362	-0.979
260.17046	-1.19919
260.18396	-35.82147
260.20708	3.45206
260.213	-35.76769
260.2235	-23.66111
260.25083	-36.06486
260.26086	12.46597
260.26799	19.19811
260.27746	-37.45056
260.28675	-37.76803
260.30421	-37.75456
260.37112	5.36752
260.67672	-28.33172
260.75007	7.3005
260.76775	-35.92114
260.83665	34.29943
260.84562	-35.89547
260.92096	-65.01017
261.01017	5.81633
261.07934	50.96115
261.15175	-2.68244
261.15754	-2.71831
261.16196	-2.71294
261.18617	-34.15342
261.18783	-34.17567
261.24217	47.09731
261.32271	6.31765
261.35892	-80.07936
261.36225	-34.38328
261.38275	-36.36372
261.39054	-36.36231
261.46177	77.4399
261.74104	-64.46483
261.78951	16.7367
261.87858	-35.27128
261.92685	73.84862
261.96312	53.77492
262.08379	31.7674
262.094	31.76339
262.20931	-3.84734
262.25454	-36.56461
262.28596	-36.58547
262.32342	-36.66903
262.33542	-23.75944
262.42594	-22.58815
262.52837	17.40483
262.56046	-33.236
262.591	79.8213
262.60892	-34.69581
262.62937	-34.70814
262.65238	-21.48633
262.67296	-21.4795
262.67804	-21.47289
262.67954	-21.50475
262.70473	38.24949
262.765	50.12611
262.76828	50.1244
262.77112	50.1225
262.82354	-33.88169
262.87079	-33.56433
263.21031	20.63765
263.2485	6.9822
263.26127	-13.08043
263.39392	-32.94447
263.41192	-31.76814
263.41304	-32.90017
263.6129	5.30838
263.67756	16.00867
263.74324	9.44952
263.78483	-9.27723
263.84228	-8.04206
263.89109	6.01945
264.25833	38.13333
264.26389	14.69832
264.30167	-7.53914
264.3072	6.35099
264.39904	-56.56754
264.40669	24.01364
264.43246	-31.52047
264.46058	3.42642
265.05271	-30.97931
265.06818	-30.97191
265.08171	-30.94158
265.10129	-30.97125
265.15407	52.19539
265.41323	17.3428
265.50934	-60.92219
265.52906	18.45574
265.68133	59.28649
265.6826	59.28349
265.71458	61.765
265.95529	-28.92317
265.97283	-28.94106
265.99104	-28.94503
265.99523	-3.83462
266.06563	-28.824
266.09138	-29.00794
266.10604	-51.7455
266.11487	-28.93092
266.156	-28.77489
266.16029	-28.72792
266.16371	-28.78825
266.19612	-28.80281
266.19867	-28.75228
266.19875	-28.75658
266.20196	-29.09908
266.20296	-28.79117
266.22142	-29.14942
266.22346	-29.22311
266.23375	-29.10403
266.36294	-7.88443
266.384	-29.26797
266.38908	-29.22692
266.39129	-28.84642
266.39279	-29.38483
266.3967	17.33373
266.40987	-29.18294
266.41354	-29.02344
266.42521	-29.09039
266.431	-29.05072
266.43437	-28.93156
266.438	-28.87764
266.44212	-28.97453
266.44462	-28.82344
266.46533	-28.62117
266.46713	-28.77453
266.47096	-28.58761
266.49871	-28.62172
266.50017	-28.57825
266.50508	-28.41353
266.51713	-28.76494
266.55867	-28.79311
266.57783	-29.25725
266.58604	-29.29683
266.59142	-28.76908
266.59204	-29.35342
266.60442	-29.40822
266.60496	-29.17328
266.61183	-29.14189
266.61471	-28.8465
266.62054	-28.80006
266.62225	-29.44653
266.6235	23.70506
266.63538	-28.88019
266.64658	-28.91497
266.66458	-29.20186
266.66571	-29.01192
266.67537	-29.317
266.68179	-28.37919
266.69104	-29.14486
266.69458	-28.91308
266.70263	-29.27883
266.70321	-29.17886
266.70433	-28.87958
266.70938	-29.23878
266.74971	-28.53361
266.75058	-28.87561
266.75179	-28.55189
266.76696	-29.05483
266.76912	-29.01303
266.77927	18.3529
266.78304	-28.62067
266.78504	-28.66742
266.79858	-29.03611
266.80783	-19.35994
266.809	-28.44914
266.81371	-29.07028
266.81704	-19.33192
266.835	-28.38111
266.83646	-28.42586
266.83692	-28.15386
266.83787	-29.43008
266.84771	-28.27019
266.85567	-28.36939
266.87304	-29.40911
266.94008	-29.18347
266.95013	-29.30575
266.96025	-28.63422
266.96725	-28.52153
266.99629	-29.17708
267.00142	-29.05986
267.00321	-28.36411
267.01763	-28.41931
267.01996	-28.14292
267.03819	59.72373
267.04215	9.46093
267.06271	-28.35711
267.10667	-28.50247
267.13683	70.09744
267.17254	-28.02731
267.19779	-28.35583
267.20238	-28.41831
267.20317	-28.3955
267.29817	-28.50428
267.56951	-8.69882
267.65914	3.17619
267.78317	-64.98783
267.88674	9.6502
267.9636	-25.40002
268.01275	2.3254
268.12217	-38.00128
268.13846	-22.50343
268.22663	-37.75711
268.3095	27.01492
268.3175	27.01528
268.77046	53.1082
268.82942	-25.07747
268.83475	-25.1035
269.62939	13.47624
269.67133	-16.28472
269.67367	-16.27919
269.67933	-17.96356
269.77567	-59.78392
269.92871	-34.81642
270.17279	-24.06972
270.19035	78.46778
270.20683	-23.34044
270.21109	48.54344
270.41232	13.85663
270.555	-22.46517
270.67783	-39.66886
270.70699	-2.13032
270.70783	-2.12786
270.74325	-21.79694
270.75597	-21.80166
270.81987	-27.80264
270.90916	-17.54028
270.91725	-24.37439
270.92194	-24.38017
271.0666	1.02567
271.1742	10.00178
271.27689	11.02641
271.585	-7.86394
271.69601	70.74571
271.71117	69.82447
271.94425	6.43128
271.95267	48.4895
272.01523	19.02876
272.22775	-18.26233
272.23433	-20.09681
272.25321	-20.08242
272.32975	-20.324
272.33021	-20.30044
272.35792	-20.32353
272.57432	73.84168
272.85487	-19.44339
272.85925	-19.40806
272.89183	-19.40631
272.89337	-19.43833
272.97188	-18.60528
273.12942	26.48992
273.21226	-6.80663
273.31121	43.07102
273.31677	4.6588
273.52192	-17.47575
273.55871	-17.92883
273.58167	-17.93808
273.60904	19.79703
273.64948	-16.75942
273.73962	0.04784
274.0845	-16.84881
274.47163	-11.72392
274.47479	-11.74617
274.52892	-51.96932
274.58047	-11.14676
274.75171	-15.01911
274.82254	-2.96885
274.89584	-63.76339
275.09554	-16.17825
275.10221	-16.12331
275.11208	-16.20612
275.125	-16.14536
275.14686	-39.15784
275.1754	35.67761
275.23804	-14.33422
275.24104	-25.47016
275.24267	-5.03994
275.30664	22.85386
275.33429	35.24939
275.3369	39.71242
275.51349	-2.37995
275.57187	-63.98725
275.5883	18.00282
275.61969	-9.64903
275.83192	-27.44075
275.98216	-12.47712
276.00332	1.80959
276.02945	56.85041
276.13323	57.74606
276.13758	74.34967
276.14038	-67.29056
276.14596	74.34297
276.22575	-32.71597
276.23892	-32.71656
276.25912	-13.26375
276.42116	-58.29353
276.42617	-13.17211
276.49321	-0.76781
276.69383	-12.44292
276.71029	4.20456
276.78383	2.24547
276.90971	-11.94483
277.2955	-10.88733
277.38242	48.74616
277.74519	-36.04172
277.81191	29.11953
277.85381	62.50962
277.85763	-2.09739
278.04625	-20.66328
278.13538	-34.37736
278.20911	28.55999
278.38942	-10.56819
278.4162	-21.06105
278.43051	65.36055
278.44208	47.44197
278.44295	47.45073
278.44354	47.45819
278.47183	-8.12408
278.48458	-39.67303
278.53892	-7.30061
278.57586	31.60681
278.60413	-7.91183
278.61037	-9.26778
278.64992	-8.55611
278.67166	15.96397
278.68781	-8.5373
278.68808	-8.56286
278.74996	32.68153
278.75637	-7.41883
278.76412	32.69633
278.77908	32.704
278.84711	-7.32547
278.88088	-7.55606
278.96379	15.26292
279.03758	-7.16464
279.04358	-7.19003
279.15537	19.9215
279.1653	19.72931
279.17371	19.68948
279.21675	-7.41483
279.22617	-7.57319
279.36964	-71.14543
279.37137	13.50411
279.38387	-6.26853
279.38746	-6.22311
279.40375	-6.30253
279.42449	-43.59268
279.51954	-6.42331
279.53413	-6.76633
279.55783	-6.81319
279.56307	-6.79925
279.56342	-6.79731
279.56546	-5.49503
279.60696	17.17864
279.60846	17.21139
279.60939	17.19702
280.01158	24.04162
280.31136	-5.13509
280.35183	-1.88194
280.42563	-1.87961
280.4625	79.79083
280.53746	79.77142
280.60833	79.75472
280.7079	-7.9348
280.81096	-48.60642
280.82045	-3.59394
280.88	-3.7955
280.88196	-3.74811
280.92192	-1.52463
281.00125	-3.91308
281.01	45.55825
281.11317	-40.36364
281.11746	-40.36547
281.29638	40.13099
281.39629	35.68798
281.40676	9.89575
281.51704	-2.65531
281.52787	-2.70578
281.52931	-2.72341
281.54096	-2.69303
281.59446	-2.99528
281.60454	-2.98975
281.62033	-2.98311
281.75696	-2.49482
281.82564	-2.04449
281.85758	-1.9405
281.90283	-1.923
281.90354	-1.94247
281.91062	-1.95864
282.14317	32.73337
282.32508	-0.91597
282.33108	-0.94647
282.33767	-0.91236
282.357	-0.90172
282.49712	-1.54892
282.62988	-0.03197
283.32467	-36.47838
283.32819	1.23303
283.33471	1.24058
283.33604	1.24797
283.34537	1.24167
283.34717	1.23428
284.04304	1.31606
284.04775	7.88775
284.05029	7.89453
284.11083	2.37
284.29441	-30.32797
284.50973	3.22122
284.61149	56.76574
284.84734	12.98669
284.88634	58.72463
284.99142	-66.25063
285.19084	1.17451
285.25604	4.20236
285.44471	1.21694
285.448	1.78128
285.45779	1.21172
285.47267	4.21408
285.66304	-27.0965
285.70535	-23.49758
285.73308	31.99492
285.78444	5.64096
285.89295	2.2406
286.01869	5.45344
286.21468	15.36406
286.35921	-73.834
286.73005	-3.02138
286.78224	6.57896
286.87296	7.13186
286.873	7.15619
286.8871	7.14251
286.90004	7.14383
286.91037	7.12261
286.92827	21.6051
287.54646	9.08639
287.56429	9.10531
287.57728	9.06852
287.59346	9.08092
287.59987	9.09744
287.63075	9.08636
287.68803	23.09961
287.75342	9.1005
287.76654	9.08403
287.7722	9.09415
287.78142	9.11389
287.79022	-20.11531
287.80329	9.09442
287.91984	-17.20238
287.98968	-5.80601
288.15188	-22.37444
288.16675	-80.16832
288.17067	-22.37022
288.36217	10.90756
288.36629	10.89342
288.5365	11.20672
288.57392	11.13456
288.58208	-55.09973
288.58835	11.15344
288.59671	43.84083
288.61987	-29.47438
288.91867	11.03891
288.94546	-26.88283
288.98651	30.33161
289.18583	55.73153
289.33874	11.92418
289.35404	11.95186
289.36225	11.9215
289.43193	27.56444
289.45297	6.3562
289.47537	-12.07558
289.47686	-12.07709
289.51303	12.17054
289.66367	19.73456
289.79703	39.27998
289.86408	-29.96411
290.10363	13.92042
290.30821	48.10519
290.48004	-35.44481
290.56154	14.05539
290.74167	14.19729
290.7555	14.27917
290.76975	14.46725
290.80163	14.44836
290.82713	14.48758
290.87896	-7.694
290.88412	-21.07593
290.89463	14.49825
290.92712	14.50864
290.95279	14.49597
290.95571	14.54897
290.97496	14.596
291.04925	-15.81725
291.07284	33.4916
291.13857	35.37492
291.15083	35.34222
291.21273	-29.2417
291.32196	13.98886
291.49693	-18.61404
291.49836	21.10727
291.50575	16.34214
291.5244	-57.67136
291.52717	0.57167
291.61813	-32.71244
291.72996	-39.29553
291.86672	-62.65917
291.95206	73.9671
292.07088	-29.529
292.10186	15.83736
292.11794	-1.11401
292.34367	9.96889
292.75012	3.71793
292.89849	-14.0996
292.91054	-33.912
292.93617	18.70636
293.03025	-19.53045
293.04483	44.90664
293.152	14.46583
293.21371	-8.29461
293.21386	-27.9014
293.21676	-8.29537
293.2595	13.22647
293.33725	-39.66742
293.35042	-39.67083
293.4063	36.55597
293.45083	-26.55764
293.66949	7.52356
293.67802	10.8166
293.75488	21.93761
293.98565	-46.3446
294.11012	-60.23517
294.1159	36.70972
294.22557	-0.36633
294.31757	-39.9671
294.38498	-58.64099
294.49504	15.29761
294.55961	2.29071
294.68977	17.26033
294.85428	-63.71267
294.88768	63.75785
294.89868	21.60398
295.05698	-22.99844
295.10466	60.69304
295.10637	-69.13249
295.1644	27.5105
295.31278	-15.40869
295.3407	-62.18918
295.42517	50.63245
295.44187	50.59678
295.48358	10.44702
295.64104	23.83347
295.69083	52.91778
295.76792	42.15468
295.96543	-40.5034
296.05013	25.83667
296.06357	25.82034
296.1313	54.80196
296.32229	-5.27914
296.55566	-31.61278
296.57875	0.33893
296.59609	10.85668
296.69733	25.21267
296.69963	25.2125
296.9454	9.10841
296.98078	27.73658
297.00013	-9.33741
297.29771	26.85486
297.3117	26.85439
297.31992	48.83067
297.32112	26.85461
297.35157	-23.45352
297.47258	-19.9537
297.52083	26.47036
297.52308	8.12055
297.68007	-4.5997
297.68356	-4.60329
297.84689	-27.62259
298.05196	11.62586
298.0545	2.50731
298.06015	29.42654
298.06587	2.50672
298.07621	2.50828
298.12721	-1.28914
298.20122	25.44819
298.44029	-41.63339
298.56181	32.89873
298.75229	27.21483
298.77658	42.32664
298.78238	-50.04061
298.79488	-61.25532
298.80758	1.90239
298.92808	51.53015
299.04642	-7.61567
299.31787	-42.37131
299.37912	41.11906
299.49925	-38.75177
299.56933	-55.16103
299.62272	51.84295
299.658	40.69864
299.75375	40.48339
299.76112	41.01756
299.76604	-35.57626
299.79562	40.88861
299.81708	40.58636
299.86815	40.73392
299.90158	22.72103
299.961	0.70269
300.05821	40.77806
300.06125	40.73692
300.27253	25.86275
300.28546	40.82986
300.28949	33.18717
300.43736	33.29001
300.45055	33.52591
300.45226	33.55451
300.47688	33.57072
300.53012	41.54561
300.83312	14.09854
300.97712	66.43233
301.37887	77.87865
301.53539	-2.39307
301.64504	-50.19425
301.71243	12.00615
301.86988	66.12293
301.93727	40.49683
301.97993	-44.57896
301.98672	-10.27734
302.10161	-4.30814
302.16688	-0.26014
302.23595	52.22504
302.31013	50.38453
302.35437	25.10455
302.35579	-48.83159
302.46793	72.48871
302.57458	-56.44306
302.68814	-24.42932
302.70718	33.3705
302.80923	-6.73432
303.33488	-52.30153
303.61499	23.58136
303.7194	26.51415
303.86971	37.1832
303.97367	37.19172
304.01098	37.20977
304.02425	37.23486
304.30479	33.76296
304.34501	47.69237
304.50544	-55.65855
304.98076	66.21214
305.02735	29.70393
305.26432	23.30997
305.38741	-87.78378
305.41222	37.51974
305.42071	37.43678
305.42333	37.43114
305.52784	61.61633
305.5352	10.01992
305.61019	39.2389
305.61325	40.22008
305.67174	40.13977
305.70192	40.26853
305.82924	31.88397
305.90141	17.0199
305.90556	17.02242
305.97497	46.4655
305.98268	54.45995
306.08562	-57.3954
306.08971	-57.38844
306.29517	33.71673
306.34245	12.10463
306.34837	37.38686
306.41942	-7.59797
306.73026	15.61857
306.74752	29.84827
306.78771	39.43528
306.83935	36.2032
306.86175	37.38047
307.03075	40.86092
307.03083	-15.35639
307.05825	40.87853
307.39475	39.02275
307.58988	48.78183
307.76392	-7.69153
307.85821	38.96617
307.91511	51.95783
307.9265	38.92358
307.94983	54.91754
307.95038	39.01092
307.97592	38.96144
308.1075	43.69031
308.13524	40.27319
308.19215	53.76393
308.20915	25.87157
308.31924	-22.8881
308.38346	21.77289
308.44895	45.65868
308.47131	-73.06635
308.52658	-41.96369
308.68529	-35.81442
308.68833	-35.82028
308.71801	60.15391
308.84306	10.93522
308.8916	18.95152
308.94837	-34.90031
308.94942	-34.90256
309.16962	-6.4844
309.23104	41.62319
309.4061	32.06172
309.51979	47.95276
309.65431	51.32018
309.7554	42.32677
309.85794	41.33389
309.90037	41.32786
310.12537	36.50496
310.38877	24.82184
310.63658	42.97039
310.65545	75.13401
310.6642	-28.92725
310.69417	42.96975
310.91971	-26.51961
310.94046	-26.55028
311.33513	-60.31714
311.40779	44.25078
311.42423	76.41998
311.43823	32.57053
311.45575	32.56396
311.79319	-2.60615
312.05012	7.02152
312.05092	-66.82239
312.78812	-14.57864
313.00975	-57.06878
313.0729	-36.67485
313.10313	55.31375
313.2169	36.59314
313.31565	26.22951
314.01792	-19.94317
314.06817	-47.24656
314.61967	44.77142
314.62008	5.71408
314.77828	3.07252
314.99838	-14.67869
315.40046	-28.01025
315.40701	-28.03192
315.41438	-28.05581
315.42537	-28.05256
315.43019	-17.79961
315.43497	-13.31329
315.48443	28.58109
315.49631	-42.32116
315.90077	-27.82267
316.0286	76.55301
316.25583	-48.81211
316.31137	49.66474
316.35064	50.93823
316.54654	12.66558
316.75638	42.23653
316.81883	-25.4595
316.83421	-25.48756
316.84333	-25.43772
316.85004	-25.49839
316.85562	-25.42776
316.85688	-25.42856
316.85792	-25.42103
317.0933	49.61046
317.21167	-48.77275
317.33822	29.07035
317.38283	35.54933
317.38829	-41.17239
317.40025	50.23408
317.50408	-10.34926
317.53774	-1.13207
317.71148	-33.85306
318.08928	52.39816
318.20333	62.25022
318.37286	40.21427
318.51377	-35.04152
318.51442	-35.04397
318.66667	-25.69722
318.87256	29.56066
319.01794	61.01409
319.15052	-20.92852
319.15125	-20.93108
319.25997	24.99216
319.49727	60.05029
319.54416	-30.31989
319.56623	75.19176
319.57779	60.80386
319.57963	60.80206
319.62944	18.27637
319.71908	49.61633
319.79179	53.40767
319.80225	52.01196
319.94673	-11.59563
319.979	37.39214
320.18571	-26.74467
320.69304	17.07721
320.72036	-10.05492
320.75711	-16.46552
320.81813	15.80169
320.82254	31.57387
320.91302	-1.20964
320.9353	30.20987
320.93549	5.58947
320.93556	25.06997
320.94079	25.08011
321.12639	51.01605
321.14525	52.121
321.16354	50.97328
321.27878	51.92042
321.36436	64.39427
321.38168	64.4037
321.52392	55.40594
321.75875	35.13097
322.08396	-6.35309
322.17967	54.61961
322.25156	45.8835
322.26916	7.55635
322.27475	7.54928
322.27541	7.55177
322.33925	-18.35633
322.35288	50.80308
322.35699	84.9497
322.35839	84.89076
322.53782	83.95786
322.54042	83.95906
322.63699	5.03819
322.75583	-20.61556
322.84064	9.20951
322.84668	-31.35349
322.89692	-12.118
323.392	82.65168
323.47359	38.20723
323.54296	-1.88812
323.56672	-53.61554
323.8203	-17.57446
324.12656	52.46021
324.16078	0.69839
324.1755	55.41788
324.25411	51.0267
324.30638	-27.91583
324.42354	-14.54603
324.43822	-14.54884
324.45467	-14.55233
324.45837	-20.7088
324.52061	-18.72474
324.67475	-18.17903
324.75545	14.39333
324.76991	54.80928
324.94469	21.19309
325.0836	44.1841
325.19948	14.63685
325.30228	56.83523
325.5477	3.04143
325.59858	54.91822
325.88912	-43.21329
326.0111	55.15966
326.04821	28.17892
326.04879	28.17195
326.05042	28.16472
326.32121	4.51844
326.32397	4.5256
326.32702	4.53174
326.7636	-17.66988
326.792	55.13225
326.80304	-75.60367
326.84842	-81.53572
326.85461	15.34375
327.02274	6.96072
327.06684	61.11828
327.15334	-17.39556
327.3694	-13.07374
327.59836	14.82997
327.68874	14.55946
327.68942	14.55959
327.73278	13.80951
327.76688	12.33072
327.87467	-55.33686
327.9625	-19.76806
327.98135	-30.46492
328.01591	-28.475
328.03067	49.99775
328.35282	5.60526
328.36983	47.26691
328.53254	-51.83983
328.64521	14.73178
328.96788	38.00823
329.15765	48.50787
329.18375	-11.46375
329.20462	-1.42805
329.23898	-18.22929
329.26099	66.43701
329.27492	-69.68991
329.37135	-18.11746
329.52617	-15.01926
329.67457	29.98553
330.10388	48.80588
330.30888	-37.77997
330.32112	-37.77333
330.48504	-33.35089
330.5004	4.58859
330.58221	-83.63653
330.68038	42.27777
330.8124	31.76063
330.8374	62.67645
331.27037	-55.29539
331.51874	29.47096
331.52049	29.48888
331.5434	-18.5941
331.5869	5.93666
331.64199	33.52887
331.93222	-53.77606
332.12101	61.42362
332.19718	-63.42977
332.33404	-23.53161
332.33927	37.70506
332.59046	-45.71183
332.61737	61.37775
332.77117	-43.55261
332.85041	-13.46937
333.00662	8.32125
333.1582	1.88091
333.23501	58.98943
333.26041	-25.49169
333.56153	60.47726
333.60388	-17.01672
333.60725	-17.02661
333.6085	-17.039
333.66071	-38.59584
333.68568	13.84332
333.68746	13.84651
333.69535	13.84087
333.69542	13.84
333.7888	13.37699
333.95821	56.98222
334.08581	60.08933
334.23096	-45.36236
334.54625	-30.40008
334.71652	-3.59183
334.71682	-3.59358
334.9274	-27.94077
335.13093	39.8131
335.15568	-24.90059
335.27479	-50.30702
335.46825	58.76247
335.59259	-2.83566
335.867	-50.28692
335.95421	-2.07258
335.95638	-2.10357
335.96146	-2.11744
335.9695	-2.17458
336.18108	39.58611
336.24029	4.33084
336.40853	21.30178
336.44691	-4.95039
336.76045	-52.55678
337.3276	-40.8591
337.41702	-8.54845
337.44541	-38.3999
337.82879	54.16007
337.83575	39.35819
337.83708	39.36333
337.83991	39.32867
338.09527	62.82679
338.1517	11.73081
338.18975	58.47247
338.40822	36.01844
338.75814	58.309
338.80515	-48.59967
339.09363	28.48261
339.20162	38.88697
339.40594	-17.21138
339.4445	-11.76214
339.78421	-17.34883
339.79744	-17.34118
340.36417	33.62008
340.46018	-10.25628
340.6261	-60.73363
340.86004	-25.74186
340.97861	18.24566
341.41537	39.68175
341.45321	39.68778
341.45538	39.68947
341.48871	39.69244
341.54717	-3.01052
341.55805	63.83202
341.57597	-12.11424
341.62734	36.94218
341.64108	-30.74611
341.76632	-36.96286
341.84534	27.16238
341.90596	23.4518
342.37088	59.91561
342.43728	13.5193
342.47025	11.60294
342.47744	11.60857
342.60558	14.33111
342.63724	71.48866
342.69465	7.03532
342.72344	-12.0819
342.89473	18.81114
343.0234	64.67002
343.0651	65.06592
343.26316	-40.96282
343.48191	38.17452
343.49062	16.14821
343.53892	24.75651
343.54335	11.61063
343.58757	13.69685
343.72462	57.9442
343.75004	-39.2175
343.7662	13.22611
343.77726	13.23493
343.90295	42.04793
343.95808	-52.76211
344.197	-51.97892
344.27332	70.47766
344.27958	16.97287
344.2942	-36.46222
344.34197	41.90459
344.52488	-27.97256
344.63171	-70.24442
344.67012	58.78314
344.72405	63.474
345.3225	19.67188
345.59953	-37.3019
345.76238	-18.6905
345.77028	58.05633
345.93895	44.65176
346.22758	40.48167
346.23175	-34.52478
346.29254	60.24408
346.75415	38.04506
346.94016	19.02238
346.96971	-41.54578
347.53083	-27.96433
347.67616	7.56768
347.7722	34.4197
347.78942	-56.41289
347.82073	-10.64715
347.84152	25.79639
348.01833	18.74283
348.03154	18.7615
348.11698	9.32478
348.20208	5.27806
348.22333	59.64915
348.2267	5.27944
348.23175	-41.44881
348.24167	5.29039
348.36217	-53.72472
348.37783	61.49878
348.38554	61.52031
348.40233	61.52511
348.41094	61.51238
348.43158	61.48494
348.45043	47.20423
348.47042	61.51714
348.48962	61.51169
348.53909	-44.93034
348.88118	61.11942
348.89243	10.45517
348.95057	-18.01117
349.07164	1.48152
349.08792	-43.6297
349.09472	-11.95408
349.11258	-47.49028
349.14522	-16.42917
349.14542	-14.15156
349.1468	4.08835
349.45141	39.87668
349.57596	-1.15303
349.60838	67.89626
349.97304	-36.94106
349.98125	-27.45664
349.98379	-27.45386
350.17728	8.21697
350.19002	61.21235
350.25838	-16.38474
350.36878	23.78014
350.49735	27.5504
350.49943	27.54623
350.50321	59.06878
350.52829	-54.75838
350.55946	58.5275
350.578	59.06547
350.60826	50.96443
350.61854	59.00314
350.63713	58.48703
350.63947	8.20887
350.64275	58.53603
350.65037	8.20044
350.73608	58.67194
350.78983	58.65469
350.816	59.31619
350.82025	59.35147
350.85642	58.81572
350.89492	58.79253
350.89646	59.12225
350.90488	58.8355
350.96158	58.66608
351.09125	59.09147
351.14958	59.21722
351.16438	58.49675
351.16554	58.84606
351.16629	59.25547
351.18146	58.55081
351.19703	-27.32217
351.21196	59.01983
351.25058	58.50606
351.26264	79.28775
351.26409	-40.85835
351.29262	-3.74631
351.29458	-56.94128
351.33159	-4.9602
351.33216	-12.1241
351.33333	-12.12722
351.40183	59.32711
351.40913	58.81289
351.42329	59.52053
351.42636	43.783
351.43088	58.57894
351.46358	58.84294
351.46488	58.80347
351.50462	58.80078
351.57279	58.6855
351.64221	-40.45417
351.6663	82.53239
351.72418	-2.03726
351.72696	-2.03619
351.73221	40.80267
351.98875	27.26472
352.04417	29.61917
352.13101	-14.9042
352.13263	58.90953
352.13871	-14.90028
352.32377	-47.50531
352.39058	-19.38475
352.657	-45.66614
352.67022	11.0052
352.69233	31.92597
352.91105	-15.94917
352.93201	56.71479
352.99588	17.48203
353.00225	29.94705
353.10665	-9.96559
353.25508	57.47197
353.38204	60.79347
353.44706	-9.05114
353.48016	-23.72796
353.60913	-41.42341
353.80183	-66.61928
354.0506	-52.6061
354.16796	8.8305
354.20121	-34.73536
354.48595	-17.87234
354.53203	3.44675
354.59342	27.04272
354.62244	27.03146
354.6225	27.03146
354.63942	26.99531
354.74644	-4.22607
354.74667	-4.22494
354.94332	-6.07011
354.97723	-33.17136
355.09659	22.34834
355.12096	26.69911
355.1383	13.55013
355.24152	4.52106
355.30381	-16.34809
355.32658	-58.26942
355.44104	-35.10617
355.44572	59.83146
355.9518	53.81109
355.96034	53.8192
356.01571	82.44456
356.39157	65.9555
356.65349	9.51264
356.76571	67.77161
357.01087	-16.52001
357.12322	18.73485
357.60578	-2.41205
357.70882	-24.95004
357.72854	64.67209
357.98384	-1.15371
357.99021	28.34174
358.22752	6.00915
358.25021	60.48231
358.54698	32.9199
358.59033	45.88451
358.78941	49.83565
358.84719	79.9221
358.86994	-45.22375
358.97305	15.69058
359.00284	-68.3343
359.19106	54.28142
359.253	-34.75914
359.25958	-34.76056
359.32662	14.76941
359.35479	47.41691
359.37999	-11.42755
359.47194	-53.18714
359.64954	44.07932
359.65123	27.90916
359.76818	-60.91647
